Fecha;Temp1;Humedad 1;Temp 2;Humedad 2;TDS;Temperatura NTC;Ph;Nivel (m)
7/5/2026 12:23;23,2;48,1;22,1
7/5/2026 12:23;22,6;48,1;22,2;54,1;270;-148,87;8,57;0,23
7/5/2026 12:23;22,6;48,1;22,1;54,3;269;-148,87;8,56;0,23
7/5/2026 12:23;22,6;48,1;22,1;54,5;267;-148,87;8,54;0,23
7/5/2026 12:23;22,6;48,2;22,0;54,3;267;-148,87;8,55;0,23
7/5/2026 12:23;22,6;48,1;22,1;54,1;266;-148,87;8,56;0,23
7/5/2026 12:23;22,6;48,2;22,1;54,2;265;-148,87;8,57;0,23
7/5/2026 12:23;22,7;48,3;22,0;54,5;264;-148,87;8,58;0,23
7/5/2026 12:23;22,6;48,2;22,1;54,8;265;-148,87;8,59;0,23
7/5/2026 12:23;22,7;48,4;22,1;55,0;265;-148,87;8,61;0,23
7/5/2026 12:23;22,7;48,5;22,0;54,9;265;-148,87;8,60;0,23
7/5/2026 12:23;22,8;48,6;22,0;55,0;266;-148,87;8,61;0,23
7/5/2026 12:24;22,7;48,5;22,1;55,1;266;-148,87;8,60;0,23
7/5/2026 12:25;22,6;48,4;22,2;55,1;265;-148,87;8,61;0,23
7/5/2026 12:25;22,6;48,6;22,2;55,2;266;-148,87;8,63;0,23
7/5/2026 12:25;22,7;48,5;22,2;55,3;267;-148,87;8,64;0,23
7/5/2026 12:25;22,7;48,5;22,1;55,1;266;-148,87;8,63;0,23
7/5/2026 12:25;22,7;48,7;22,0;55,0;265;-148,87;8,64;0,23
7/5/2026 12:25;22,7;48,7;22,0;55,1;267;-148,87;8,62;0,23
7/5/2026 12:25;22,7;48,6;21,9;55,3;267;-148,87;8,62;0,23
7/5/2026 12:25;22,8;48,5;22,0;55,4;268;-148,87;8,61;0,23
7/5/2026 12:25;22,7;48,5;21,9;55,3;269;-148,87;8,61;0,23
7/5/2026 12:25;22,8;48,6;21,9;55,3;269;-148,87;8,60;0,23
7/5/2026 12:25;22,8;48,7;21,9;55,2;268;-148,87;8,58;0,23
7/5/2026 12:25;22,8;48,5;21,9;55,1;269;-148,87;8,56;0,23
7/5/2026 12:25;22,8;48,3;21,8;55,1;268;-148,87;8,56;0,23
7/5/2026 12:25;22,7;48,2;21,8;54,8;269;-148,87;8,54;0,23
7/5/2026 12:28;22,8;48,3;21,8;54,9;269;-148,87;8,54;0,23
7/5/2026 12:28;22,8;48,4;21,9;54,7;268;-148,87;8,54;0,23
7/5/2026 12:30;ERROR;N/A;22,1;54,5;274;-148,87;8,59;0,23
7/5/2026 12:30;22,9;48,2;21,8;55,0;269;-148,87;8,56;0,23
7/5/2026 12:31;23,0;48,3;21,7;54,8;269;-148,87;8,57;0,23
7/5/2026 12:31;23,0;48,3;21,7;55,1;269;-148,87;8,57;0,23
7/5/2026 12:31;23,0;48,3;21,7;55,0;269;-148,87;8,58;0,23
7/5/2026 12:33;22,9;48,3;21,7;54,8;271;-148,87;8,59;0,23
7/5/2026 12:33;22,9;48,5;21,8;54,7;270;-148,87;8,58;0,23
7/5/2026 12:33;22,9;48,4;21,8;54,4;272;-148,87;8,57;0,23
7/5/2026 12:33;22,8;48,5;21,9;54,1;270;-148,87;8,58;0,23
7/5/2026 12:33;22,8;48,7;21,9;54,2;271;-148,87;8,59;0,23
7/5/2026 12:33;22,8;48,7;22,0;54,3;271;-148,87;8,60;0,23
7/5/2026 12:33;22,8;48,8;22,0;54,4;270;-148,87;8,60;0,23
7/5/2026 12:33;22,8;48,8;22,0;54,4;272;-148,87;8,62;0,23
7/5/2026 12:33;22,9;48,7;21,9;54,5;274;-148,87;8,62;0,23
7/5/2026 12:33;22,8;48,8;21,9;54,5;273;-148,87;8,61;0,23
7/5/2026 12:33;22,9;48,9;22,0;54,3;272;-148,87;8,61;0,23
7/5/2026 12:33;22,9;48,7;22,0;54,3;271;-148,87;8,62;0,23
7/5/2026 12:33;23,2;48,1;22,1
7/5/2026 12:33;22,8;48,7;22,0;54,4;271;-148,87;8,61;0,23
7/5/2026 12:33;22,9;48,6;21,9;54,4;270;-148,87;8,60;0,23
7/5/2026 12:36;22,9;48,5;21,8;54,7;270;-148,87;8,61;0,23
7/5/2026 12:37;22,8;48,4;21,8;54,7;272;-148,87;8,59;0,23
7/5/2026 12:37;22,8;48,5;21,9;54,5;270;-148,87;8,57;0,23
7/5/2026 12:37;22,9;48,3;21,8;54,6;271;-148,87;8,57;0,23
7/5/2026 12:40;23,0;48,3;21,9;54,5;270;-148,87;8,55;0,23
7/5/2026 12:40;22,9;48,1;21,8;54,3;268;-148,87;8,56;0,23
7/5/2026 12:40;22,9;48,2;21,8;54,5;267;-148,87;8,56;0,23
7/5/2026 12:40;22,9;48,3;21,9;54,6;267;-148,87;8,55;0,23
7/5/2026 12:40;23,0;48,3;21,8;54,4;267;-148,87;8,55;0,23
7/5/2026 12:40;23,1;48,3;21,8;54,2;265;-148,87;8,54;0,23
7/5/2026 12:40;23,0;48,4;21,7;54,2;264;-148,87;8,53;0,23
7/5/2026 12:41;22,9;48,5;21,6;54,4;264;-148,87;8,53;0,23
7/5/2026 12:41;22,9;48,4;21,7;54,3;264;-148,87;8,52;0,23
7/5/2026 12:41;22,8;48,4;21,6;54,1;265;-148,87;8,53;0,23
7/5/2026 12:41;22,8;48,4;21,6;54,0;264;-148,87;8,54;0,23
7/5/2026 12:44;22,7;48,5;21,6;54,2;264;-148,87;8,54;0,23
7/5/2026 12:44;22,7;48,5;21,7;54,1;262;-148,87;8,53;0,23
7/5/2026 12:45;22,7;48,4;21,6;54,0;264;-148,87;8,53;0,23
7/5/2026 12:47;22,7;48,5;21,5;54,2;265;-148,87;8,54;0,23
7/5/2026 12:47;22,8;48,6;21,5;54,2;266;-148,87;8,54;0,23
7/5/2026 12:50;22,8;48,7;21,5;54,3;268;-148,87;8,53;0,23
7/5/2026 12:51;22,9;48,8;21,5;54,2;268;-148,87;8,52;0,23
7/5/2026 12:52;22,9;49,0;21,5;53,9;268;-148,87;8,52;0,23
7/5/2026 12:52;22,9;49,1;21,4;53,6;268;-148,87;8,54;0,23
7/5/2026 12:54;22,8;48,9;21,3;53,4;270;-148,87;8,53;0,23
7/5/2026 12:57;22,8;48,9;21,2;53,2;269;-148,87;8,52;0,23
7/5/2026 13:00;22,8;49,0;21,2;53,0;270;-148,87;8,54;0,23
7/5/2026 13:02;22,7;49,2;21,3;53,1;272;-148,87;8,55;0,23
7/5/2026 13:03;22,7;49,1;21,4;53,0;271;-148,87;8,54;0,23
7/5/2026 13:03;22,8;48,9;21,4;53,3;272;-148,87;8,52;0,23
7/5/2026 13:03;22,8;48,8;21,4;53,0;273;-148,87;8,51;0,23
7/5/2026 13:03;22,8;48,8;21,3;52,8;274;-148,87;8,51;0,23
7/5/2026 13:03;22,8;48,9;21,3;53,0;275;-148,87;8,50;0,23
7/5/2026 13:03;22,7;48,8;21,3;52,7;276;-148,87;8,50;0,23
7/5/2026 13:03;22,8;49,0;21,3;52,9;277;-148,87;8,51;0,23
7/5/2026 13:03;22,8;49,0;21,3;52,9;278;-148,87;8,51;0,23
7/5/2026 13:03;ERROR;N/A;22,1;54,5;274;-148,87;8,59;0,23
7/5/2026 13:03;22,8;49,1;21,3;52,9;278;-148,87;8,53;0,23
7/5/2026 13:03;22,9;49,2;21,3;52,7;280;-148,87;8,51;0,23
7/5/2026 13:03;22,9;49,2;21,3;52,8;281;-148,87;8,52;0,23
7/5/2026 13:03;22,9;49,1;21,3;52,6;282;-148,87;8,54;0,23
7/5/2026 13:03;22,9;48,9;21,4;52,5;280;-148,87;8,54;0,23
7/5/2026 13:05;22,8;48,9;21,4;52,5;281;-148,87;8,55;0,23
7/5/2026 13:05;22,9;48,9;21,5;52,6;279;-148,87;8,53;0,23
7/5/2026 13:05;22,9;48,9;21,4;52,6;281;-148,87;8,55;0,23
7/5/2026 13:05;22,9;49,0;21,3;52,6;282;-148,87;8,55;0,23
7/5/2026 13:05;22,9;49,1;21,3;52,8;280;-148,87;8,56;0,23
7/5/2026 13:05;23,0;49,0;21,2;52,8;280;-148,87;8,55;0,23
7/5/2026 13:05;23,0;48,9;21,3;52,9;278;-148,87;8,53;0,23
7/5/2026 13:05;23,1;48,7;21,2;53,1;279;-148,87;8,52;0,23
7/5/2026 13:05;23,1;48,8;21,2;53,2;278;-148,87;8,51;0,23
7/5/2026 13:05;23,1;48,8;21,2;53,3;278;-148,87;8,49;0,23
7/5/2026 13:06;23,1;48,7;21,2;53,4;279;-148,87;8,48;0,23
7/5/2026 13:07;23,1;48,6;21,2;53,3;278;-148,87;8,50;0,23
7/5/2026 13:07;23,0;48,5;21,2;53,6;276;-148,87;8,50;0,23
7/5/2026 13:07;23,0;48,6;21,3;53,5;277;-148,87;8,51;0,23
7/5/2026 13:10;23,0;48,6;21,3;53,4;276;-148,87;8,53;0,23
7/5/2026 13:10;23,1;48,7;21,2;53,5;276;-148,87;8,51;0,23
7/5/2026 13:13;23,0;48,7;21,1;53,3;276;-148,87;8,50;0,23
7/5/2026 13:13;23,0;48,7;21,1;53,1;275;-148,87;8,51;0,23
7/5/2026 13:13;23,0;48,7;21,1;52,9;276;-148,87;8,52;0,23
7/5/2026 13:13;23,0;48,6;21,0;53,0;275;-148,87;8,51;0,23
7/5/2026 13:13;23,1;48,5;21,0;53,0;274;-148,87;8,51;0,23
7/5/2026 13:13;23,1;48,5;20,9;52,8;274;-148,87;8,51;0,23
7/5/2026 13:13;23,2;48,6;21,0;53,0;274;-148,87;8,51;0,23
7/5/2026 13:13;23,2;48,4;21,1;52,8;273;-148,87;8,49;0,23
7/5/2026 13:13;999;-50;22,1;999;9999;-148,87;99,9;0,23
7/5/2026 13:13;23,3;48,4;21,1;52,9;273;-148,87;8,50;0,23
7/5/2026 13:13;23,4;48,5;21,1;53,1;273;-148,87;8,49;0,23
7/5/2026 13:13;23,5;48,6;21,1;53,2;274;-148,87;8,50;0,23
7/5/2026 13:13;23,6;48,6;21,1;53,0;275;-148,87;8,51;0,23
7/5/2026 13:13;23,6;48,7;21,1;53,2;277;-148,87;8,52;0,23
7/5/2026 13:14;23,5;48,8;21,1;52,9;277;-148,87;8,52;0,23
7/5/2026 13:14;23,5;48,7;21,1;52,6;278;-148,87;8,50;0,23
7/5/2026 13:15;23,6;48,5;21,1;52,6;280;-148,87;8,50;0,23
7/5/2026 13:15;23,5;48,4;21,0;52,9;280;-148,87;8,51;0,23
7/5/2026 13:15;23,4;48,3;21,1;52,6;278;-148,87;8,53;0,23
7/5/2026 13:18;23,5;48,3;21,2;52,5;279;-148,87;8,52;0,23
7/5/2026 13:18;23,5;48,2;21,2;52,3;280;-148,87;8,53;0,23
7/5/2026 13:18;23,4;48,3;21,1;52,5;278;-148,87;8,53;0,23
7/5/2026 13:18;23,4;48,4;21,1;52,6;277;-148,87;8,53;0,23
7/5/2026 13:18;23,4;48,3;21,1;52,8;277;-148,87;8,51;0,23
7/5/2026 13:18;23,3;48,1;21,1;52,5;275;-148,87;8,52;0,23
7/5/2026 13:18;23,3;48,1;21,0;52,8;277;-148,87;8,53;0,23
7/5/2026 13:18;23,3;48,0;21,1;53,1;276;-148,87;8,55;0,23
7/5/2026 13:18;ERROR;N/A;22,1;54,5;274;-148,87;8,59;0,23
7/5/2026 13:18;23,4;47,8;21,0;53,2;277;-148,87;8,53;0,23
7/5/2026 13:18;23,3;47,8;21,0;53,4;279;-148,87;8,53;0,23
7/5/2026 13:21;23,3;47,9;21,1;53,2;277;-148,87;8,53;0,23
7/5/2026 13:21;23,3;48,0;21,1;53,2;276;-148,87;8,55;0,23
7/5/2026 13:22;23,4;48,2;21,1;53,0;275;-148,87;8,53;0,23
7/5/2026 13:22;23,4;48,3;21,0;53,2;275;-148,87;8,54;0,23
7/5/2026 13:23;23,4;48,2;20,9;53,2;276;-148,87;8,54;0,23
7/5/2026 13:24;23,3;48,1;21,0;53,4;274;-148,87;8,56;0,23
7/5/2026 13:24;23,4;48,1;21,1;53,2;275;-148,87;8,55;0,23
7/5/2026 13:24;23,3;48,3;21,0;53,2;277;-148,87;8,57;0,23
7/5/2026 13:24;23,3;48,3;21,0;53,0;275;-148,87;8,55;0,23
7/5/2026 13:24;23,2;48,3;20,9;53,2;277;-148,87;8,57;0,23
7/5/2026 13:27;23,2;48,4;20,9;53,3;276;-148,87;8,57;0,23
7/5/2026 13:27;23,2;48,5;20,9;53,3;275;-148,87;8,56;0,23
7/5/2026 13:27;23,3;48,5;20,9;53,5;276;-148,87;8,55;0,23
7/5/2026 13:27;23,2;48,7;21,0;53,8;276;-148,87;8,56;0,23
7/5/2026 13:27;23,3;48,8;21,0;53,6;274;-148,87;8,56;0,23
7/5/2026 13:27;23,3;48,7;21,0;53,8;273;-148,87;8,55;0,23
7/5/2026 13:28;23,3;48,8;21,0;54,1;273;-148,87;8,53;0,23
7/5/2026 13:28;23,2;48,7;21,1;54,1;274;-148,87;8,51;0,23
7/5/2026 13:28;23,2;48,7;21,0;54,3;273;-148,87;8,53;0,23
7/5/2026 13:28;23,3;48,5;21,1;54,5;272;-148,87;8,52;0,23
7/5/2026 13:31;23,3;48,5;21,2;54,4;273;-148,87;8,50;0,23
7/5/2026 13:31;23,3;48,5;21,2;54,3;275;-148,87;8,49;0,23
7/5/2026 13:31;23,3;48,6;21,1;54,1;273;-148,87;8,50;0,23
7/5/2026 13:31;23,3;48,7;21,1;54,4;272;-148,87;8,51;0,23
7/5/2026 13:33;23,3;48,6;21,2;54,4;273;-148,87;8,53;0,23
7/5/2026 13:33;23,3;48,6;21,1;54,3;271;-148,87;8,54;0,23
7/5/2026 13:34;23,3;48,5;21,2;54,2;270;-148,87;8,54;0,23
7/5/2026 13:34;23,3;48,5;21,2;54,4;270;-148,87;8,53;0,23
7/5/2026 13:35;23,2;48,7;21,1;54,7;269;-148,87;8,55;0,23
7/5/2026 13:37;23,3;48,9;21,2;54,7;267;-148,87;8,56;0,23
7/5/2026 13:37;23,4;48,9;21,1;54,9;269;-148,87;8,54;0,23
7/5/2026 13:37;23,4;49,1;21,0;55,1;268;-148,87;8,55;0,23
7/5/2026 13:37;23,5;49,1;20,9;55,0;267;-148,87;8,54;0,23
7/5/2026 13:37;23,5;48,9;21,0;54,9;268;-148,87;8,56;0,23
7/5/2026 13:37;23,4;48,7;20,9;54,8;268;-148,87;8,55;0,23
7/5/2026 13:38;23,4;48,7;20,9;54,9;267;-148,87;8,55;0,23
7/5/2026 13:38;23,4;48,7;20,9;54,9;267;-148,87;8,57;0,23
7/5/2026 13:38;23,3;48,5;21,0;54,8;269;-148,87;8,56;0,23
7/5/2026 13:38;23,3;48,4;21,0;54,6;268;-148,87;8,58;0,23
7/5/2026 13:38;23,3;48,6;21,0;54,6;269;-148,87;8,59;0,23
7/5/2026 13:39;23,2;48,7;21,1;54,6;267;-148,87;8,58;0,23
7/5/2026 13:39;23,1;48,6;21,1;54,6;266;-148,87;8,56;0,23
7/5/2026 13:39;23,2;48,4;21,1;54,8;268;-148,87;8,55;0,23
7/5/2026 13:39;23,2;48,2;21,1;54,7;269;-148,87;8,57;0,23
7/5/2026 13:39;23,2;48,4;21,0;54,5;269;-148,87;8,57;0,23
7/5/2026 13:39;23,1;48,3;21,0;54,3;269;-148,87;8,56;0,23
7/5/2026 13:39;23,2;48,4;21,1;54,1;269;-148,87;8,58;0,23
7/5/2026 13:42;23,2;48,5;21,1;54,0;270;-148,87;8,58;0,23
7/5/2026 13:42;23,1;48,4;21,1;53,8;272;-148,87;8,60;0,23
7/5/2026 13:42;999;-50;22,1;999;9999;-148,87;99,9;0,23
7/5/2026 13:43;23,2;48,3;21,1;53,6;271;-148,87;8,61;0,23
7/5/2026 13:43;23,2;48,4;21,2;53,3;269;-148,87;8,63;0,23
7/5/2026 13:43;23,1;48,3;21,2;53,2;270;-148,87;8,63;0,23
7/5/2026 13:43;;;;;274;-148,87;;0,23
7/5/2026 13:43;23,1;48,2;21,3;53,0;269;-148,87;8,63;0,23
7/5/2026 13:43;23,1;48,3;21,3;52,9;270;-148,87;8,63;0,23
7/5/2026 13:44;23,1;48,4;21,3;52,7;269;-148,87;8,63;0,23
7/5/2026 13:44;23,0;48,3;21,2;52,6;269;-148,87;8,65;0,23
7/5/2026 13:44;23,2;48,1;22,1
7/5/2026 13:45;23,0;48,4;21,3;52,5;268;-148,87;8,65;0,23
7/5/2026 13:45;23,0;48,3;21,2;52,5;269;-148,87;8,64;0,23
7/5/2026 13:47;23,0;48,4;21,3;52,5;270;-148,87;8,65;0,23
7/5/2026 13:50;22,9;48,3;21,3;52,6;271;-148,87;8,64;0,23
7/5/2026 13:51;23,0;48,4;21,3;52,7;270;-148,87;8,63;0,23
7/5/2026 13:51;22,9;48,2;21,3;52,5;268;-148,87;8,64;0,23
7/5/2026 13:52;22,9;48,4;21,4;52,4;266;-148,87;8,63;0,23
7/5/2026 13:52;22,9;48,5;21,4;52,4;267;-148,87;8,64;0,23
7/5/2026 13:52;23,0;48,3;21,5;52,7;269;-148,87;8,65;0,23
7/5/2026 13:52;23,0;48,4;21,6;52,5;270;-148,87;8,65;0,23
7/5/2026 13:52;23,0;48,3;21,6;52,5;271;-148,87;8,65;0,23
7/5/2026 13:52;23,0;48,2;21,5;52,8;270;-148,87;8,63;0,23
7/5/2026 13:52;22,9;48,3;21,5;52,7;271;-148,87;8,61;0,23
7/5/2026 13:52;22,9;48,4;21,5;52,9;272;-148,87;8,61;0,23
7/5/2026 13:52;22,8;48,4;21,4;52,7;271;-148,87;8,60;0,23
7/5/2026 13:54;22,8;48,4;21,3;52,7;273;-148,87;8,59;0,23
7/5/2026 13:56;22,8;48,6;21,4;52,7;271;-148,87;8,58;0,23
7/5/2026 13:56;22,7;48,6;21,3;52,8;269;-148,87;8,60;0,23
7/5/2026 13:56;22,7;48,7;21,4;52,7;270;-148,87;8,58;0,23
7/5/2026 13:56;22,8;48,8;21,5;52,6;270;-148,87;8,57;0,23
7/5/2026 13:56;22,7;48,7;21,5;52,7;271;-148,87;8,58;0,23
7/5/2026 13:56;22,6;48,6;21,5;52,7;270;-148,87;8,60;0,23
7/5/2026 13:56;22,7;48,6;21,4;52,4;270;-148,87;8,60;0,23
7/5/2026 13:56;22,8;48,6;21,4;52,6;268;-148,87;8,59;0,23
7/5/2026 13:56;22,7;48,6;21,4;52,5;268;-148,87;8,58;0,23
7/5/2026 13:56;22,8;48,7;21,4;52,3;269;-148,87;8,59;0,23
7/5/2026 13:56;22,7;48,7;21,3;52,3;268;-148,87;8,59;0,23
7/5/2026 13:56;22,6;48,7;21,3;52,0;270;-148,87;8,57;0,23
7/5/2026 13:56;22,5;48,8;21,4;51,8;270;-148,87;8,57;0,23
7/5/2026 13:56;22,5;48,7;21,3;51,5;272;-148,87;8,56;0,23
7/5/2026 13:56;22,4;48,9;21,3;51,8;273;-148,87;8,54;0,23
7/5/2026 13:56;22,5;48,9;21,2;51,6;273;-148,87;8,53;0,23
7/5/2026 13:56;22,5;49,0;21,3;51,3;271;-148,87;8,51;0,23
7/5/2026 13:58;22,5;49,1;21,2;51,1;271;-148,87;8,51;0,23
7/5/2026 13:58;22,5;49,2;21,2;51,1;272;-148,87;8,52;0,23
7/5/2026 13:58;22,4;49,0;21,2;50,9;272;-148,87;8,51;0,23
7/5/2026 13:58;ERROR;N/A;22,1;54,5;274;-148,87;8,59;0,23
7/5/2026 13:58;22,5;49,0;21,1;51,1;273;-148,87;8,51;0,23
7/5/2026 13:58;22,4;48,9;21,1;51,0;271;-148,87;8,52;0,23
7/5/2026 13:58;22,3;49,1;21,0;50,9;271;-148,87;8,54;0,23
7/5/2026 13:58;22,4;49,1;21,0;51,0;271;-148,87;8,53;0,23
7/5/2026 14:01;22,3;49,2;21,1;51,0;269;-148,87;8,52;0,23
7/5/2026 14:03;22,3;49,3;21,1;50,8;269;-148,87;8,53;0,23
7/5/2026 14:05;22,3;49,2;21,1;51,1;268;-148,87;8,52;0,23
7/5/2026 14:06;22,3;49,1;21,1;50,9;266;-148,87;8,52;0,23
7/5/2026 14:06;22,3;49,2;21,1;51,1;267;-148,87;8,52;0,23
7/5/2026 14:06;22,2;49,0;21,1;51,0;267;-148,87;8,52;0,23
7/5/2026 14:06;22,3;49,1;21,1;51,0;265;-148,87;8,52;0,23
7/5/2026 14:06;22,3;49,1;21,0;50,9;264;-148,87;8,51;0,23
7/5/2026 14:06;22,4;49,0;21,1;50,7;266;-148,87;8,51;0,23
7/5/2026 14:06;22,3;49,0;21,1;50,8;267;-148,87;8,52;0,23
7/5/2026 14:06;22,3;49,2;21,1;50,6;267;-148,87;8,51;0,23
7/5/2026 14:06;22,2;49,1;21,1;50,4;268;-148,87;8,52;0,23
7/5/2026 14:06;22,2;49,1;21,2;50,2;268;-148,87;8,52;0,23
7/5/2026 14:08;22,2;49,1;21,1;50,4;267;-148,87;8,52;0,23
7/5/2026 14:08;22,3;49,0;21,2;50,2;265;-148,87;8,52;0,23
7/5/2026 14:08;22,2;48,8;21,1;50,3;265;-148,87;8,51;0,23
7/5/2026 14:08;22,1;49,0;21,0;50,2;264;-148,87;8,49;0,23
7/5/2026 14:08;22,2;49,1;21,0;50,4;264;-148,87;8,49;0,23
7/5/2026 14:08;999;-50;22,1;999;9999;-148,87;99,9;0,23
7/5/2026 14:10;22,3;49,3;21,0;50,5;265;-148,87;8,50;0,23
7/5/2026 14:10;22,4;49,5;20,9;50,6;265;-148,87;8,49;0,23
7/5/2026 14:10;22,4;49,5;20,8;50,5;264;-148,87;8,50;0,23
7/5/2026 14:10;22,5;49,4;20,8;50,7;263;-148,87;8,51;0,23
7/5/2026 14:10;22,5;49,4;20,8;50,8;263;-148,87;8,50;0,23
7/5/2026 14:13;22,5;49,5;20,8;50,9;264;-148,87;8,48;0,23
7/5/2026 14:13;22,6;49,7;20,9;50,8;264;-148,87;8,47;0,23
7/5/2026 14:13;22,6;49,7;20,9;50,9;265;-148,87;8,46;0,23
7/5/2026 14:13;22,5;49,5;20,8;51,1;265;-148,87;8,45;0,23
7/5/2026 14:13;ERROR;N/A;22,1;54,5;274;-148,87;8,59;0,23
7/5/2026 14:16;22,6;49,7;20,8;51,0;266;-148,87;8,46;0,23
7/5/2026 14:17;22,7;49,8;20,7;51,1;265;-148,87;8,44;0,23
7/5/2026 14:17;22,7;49,7;20,8;51,4;265;-148,87;8,43;0,23
7/5/2026 14:17;22,7;49,6;20,8;51,1;266;-148,87;8,44;0,23
7/5/2026 14:17;22,7;49,6;20,8;51,3;264;-148,87;8,42;0,23
7/5/2026 14:19;22,8;49,4;20,8;51,2;264;-148,87;8,43;0,23
7/5/2026 14:19;22,8;49,5;20,8;51,4;264;-148,87;8,44;0,23
7/5/2026 14:19;22,8;49,4;20,7;51,5;265;-148,87;8,44;0,23
7/5/2026 14:19;22,7;49,4;20,8;51,4;267;-148,87;8,45;0,23
7/5/2026 14:19;22,8;49,5;20,8;51,3;268;-148,87;8,45;0,23
7/5/2026 14:19;22,8;49,6;20,8;51,3;269;-148,87;8,45;0,23
7/5/2026 14:19;22,8;49,6;20,7;51,3;269;-148,87;8,46;0,23
7/5/2026 14:19;22,8;49,4;20,8;51,6;270;-148,87;8,48;0,23
7/5/2026 14:19;22,7;49,4;20,9;51,5;271;-148,87;8,47;0,23
7/5/2026 14:21;22,7;49,3;20,9;51,3;270;-148,87;8,49;0,23
7/5/2026 14:21;22,8;49,2;20,9;51,3;270;-148,87;8,49;0,23
7/5/2026 14:21;22,7;49,4;20,9;51,4;272;-148,87;8,49;0,23
7/5/2026 14:21;22,8;49,2;20,8;51,3;271;-148,87;8,50;0,23
7/5/2026 14:21;22,8;49,2;20,8;51,0;270;-148,87;8,50;0,23
7/5/2026 14:21;22,9;49,3;20,8;50,8;269;-148,87;8,50;0,23
7/5/2026 14:21;;;;;274;-148,87;;0,23
7/5/2026 14:21;22,9;49,3;20,9;50,8;269;-148,87;8,51;0,23
7/5/2026 14:21;22,8;49,2;20,9;50,6;271;-148,87;8,51;0,23
7/5/2026 14:21;22,8;49,3;20,8;50,6;271;-148,87;8,50;0,23
7/5/2026 14:21;22,8;49,2;20,8;50,6;270;-148,87;8,51;0,23
7/5/2026 14:21;22,8;49,0;20,8;50,8;271;-148,87;8,52;0,23
7/5/2026 14:21;22,8;49,1;20,8;50,9;270;-148,87;8,53;0,23
7/5/2026 14:21;22,8;49,1;20,9;51,1;270;-148,87;8,52;0,23
7/5/2026 14:21;22,9;48,9;20,8;51,2;270;-148,87;8,52;0,23
7/5/2026 14:21;22,9;48,7;20,8;51,2;271;-148,87;8,50;0,23
7/5/2026 14:24;22,9;48,8;20,7;51,1;271;-148,87;8,50;0,23
7/5/2026 14:24;22,9;48,9;20,7;51,2;272;-148,87;8,48;0,23
7/5/2026 14:25;22,9;49,0;20,8;51,3;270;-148,87;8,48;0,23
7/5/2026 14:25;22,8;49,0;20,7;51,6;271;-148,87;8,47;0,23
7/5/2026 14:25;22,7;49,1;20,7;51,6;270;-148,87;8,49;0,23
7/5/2026 14:25;22,8;49,3;20,7;51,7;268;-148,87;8,49;0,23
7/5/2026 14:25;22,8;49,2;20,8;51,5;268;-148,87;8,47;0,23
7/5/2026 14:25;22,9;49,3;20,7;51,6;267;-148,87;8,46;0,23
7/5/2026 14:25;23,0;49,5;20,8;51,5;268;-148,87;8,47;0,23
7/5/2026 14:25;22,9;49,5;20,8;51,3;267;-148,87;8,46;0,23
7/5/2026 14:25;23,0;49,7;20,9;51,6;266;-148,87;8,44;0,23
7/5/2026 14:25;22,9;49,6;20,9;51,7;267;-148,87;8,43;0,23
7/5/2026 14:25;23,0;49,6;21,0;51,9;267;-148,87;8,42;0,23
7/5/2026 14:25;23,0;49,5;21,0;51,8;267;-148,87;8,42;0,23
7/5/2026 14:26;23,0;49,6;21,1;52,0;265;-148,87;8,42;0,23
7/5/2026 14:26;23,0;49,4;21,1;52,0;264;-148,87;8,41;0,23
7/5/2026 14:26;23,0;49,4;21,1;51,7;266;-148,87;8,39;0,23
7/5/2026 14:28;23,0;49,6;21,1;52,0;266;-148,87;8,41;0,23
7/5/2026 14:28;23,0;49,4;21,1;51,7;267;-148,87;8,42;0,23
7/5/2026 14:28;23,1;49,4;21,1;51,6;266;-148,87;8,42;0,23
7/5/2026 14:28;23,1;49,2;21,0;51,9;267;-148,87;8,41;0,23
7/5/2026 14:28;23,0;49,2;21,1;51,9;265;-148,87;8,42;0,23
7/5/2026 14:28;23,1;49,3;21,0;52,2;265;-148,87;8,41;0,23
7/5/2026 14:28;23,1;49,2;20,9;52,4;263;-148,87;8,40;0,23
7/5/2026 14:28;23,2;49,2;20,9;52,7;261;-148,87;8,40;0,23
7/5/2026 14:30;23,2;49,3;21,0;52,4;263;-148,87;8,41;0,23
7/5/2026 14:30;23,2;49,4;21,0;52,7;262;-148,87;8,42;0,23
7/5/2026 14:30;23,3;49,3;21,1;52,5;260;-148,87;8,42;0,23
7/5/2026 14:30;23,4;49,5;21,1;52,5;258;-148,87;8,41;0,23
7/5/2026 14:30;23,3;49,5;21,2;52,5;256;-148,87;8,43;0,23
7/5/2026 14:33;23,3;49,4;21,2;52,7;256;-148,87;8,41;0,23
7/5/2026 14:33;23,3;49,5;21,2;52,7;256;-148,87;8,41;0,23
7/5/2026 14:35;23,2;49,3;21,3;52,6;255;-148,87;8,40;0,23
7/5/2026 14:35;23,2;49,4;21,3;52,9;256;-148,87;8,41;0,23
7/5/2026 14:35;23,3;49,2;21,2;52,6;257;-148,87;8,40;0,23
7/5/2026 14:35;23,3;49,3;21,2;52,4;258;-148,87;8,41;0,23
7/5/2026 14:35;23,3;49,3;21,3;52,6;260;-148,87;8,42;0,23
7/5/2026 14:37;23,4;49,1;21,3;52,7;262;-148,87;8,41;0,23
7/5/2026 14:37;23,3;49,2;21,4;52,6;264;-148,87;8,40;0,23
7/5/2026 14:37;23,3;49,4;21,4;52,4;262;-148,87;8,40;0,23
7/5/2026 14:37;23,3;49,4;21,4;52,3;261;-148,87;8,41;0,23
7/5/2026 14:37;23,4;49,4;21,5;52,1;260;-148,87;8,43;0,23
7/5/2026 14:38;23,3;49,2;21,6;52,0;261;-148,87;8,42;0,23
7/5/2026 14:38;23,3;49,1;21,6;52,1;260;-148,87;8,44;0,23
7/5/2026 14:39;999;-50;22,1;999;9999;-148,87;99,9;0,23
7/5/2026 14:39;;;;;274;-148,87;;0,23
7/5/2026 14:39;23,3;49,2;21,6;52,4;260;-148,87;8,45;0,23
7/5/2026 14:41;23,2;49,1;21,5;52,3;258;-148,87;8,47;0,23
7/5/2026 14:41;23,1;49,3;21,5;52,3;260;-148,87;8,48;0,23
7/5/2026 14:41;23,1;49,1;21,5;52,1;259;-148,87;8,46;0,23
7/5/2026 14:43;23,0;49,2;21,4;52,2;257;-148,87;8,47;0,23
7/5/2026 14:44;23,0;49,3;21,3;52,0;256;-148,87;8,45;0,23
7/5/2026 14:44;23,0;49,2;21,3;51,9;255;-148,87;8,47;0,23
7/5/2026 14:46;23,0;49,0;21,3;51,6;256;-148,87;8,48;0,23
7/5/2026 14:46;22,9;48,9;21,2;51,8;256;-148,87;8,48;0,23
7/5/2026 14:46;23,0;48,7;21,3;51,5;257;-148,87;8,47;0,23
7/5/2026 14:48;23,0;48,5;21,3;51,7;258;-148,87;8,46;0,23
7/5/2026 14:48;23,0;48,5;21,4;51,9;258;-148,87;8,48;0,23
7/5/2026 14:51;22,9;48,4;21,4;52,2;259;-148,87;8,47;0,23
7/5/2026 14:51;22,9;48,4;21,4;52,3;259;-148,87;8,46;0,23
7/5/2026 14:51;ERROR;N/A;22,1;54,5;274;-148,87;8,59;0,23
7/5/2026 14:51;22,8;48,3;21,4;52,2;260;-148,87;8,46;0,23
7/5/2026 14:51;22,8;48,4;21,4;52,1;260;-148,87;8,47;0,23
7/5/2026 14:51;22,9;48,6;21,4;51,9;259;-148,87;8,47;0,23
7/5/2026 14:51;23,2;48,1;22,1
7/5/2026 14:53;22,9;48,6;21,3;52,1;259;-148,87;8,45;0,23
7/5/2026 14:54;22,9;48,5;21,2;51,8;259;-148,87;8,45;0,23
7/5/2026 14:54;23,0;48,5;21,2;51,7;258;-148,87;8,44;0,23
7/5/2026 14:57;23,0;48,7;21,2;51,7;260;-148,87;8,43;0,23
7/5/2026 14:59;23,0;48,7;21,2;52,0;258;-148,87;8,43;0,23
7/5/2026 15:02;22,9;48,7;21,2;51,8;258;-148,87;8,43;0,23
7/5/2026 15:03;22,9;48,9;21,2;51,8;257;-148,87;8,43;0,23
7/5/2026 15:03;22,8;48,7;21,1;52,0;258;-148,87;8,42;0,23
7/5/2026 15:04;22,8;48,6;21,0;52,3;258;-148,87;8,42;0,23
7/5/2026 15:04;22,8;48,7;20,9;52,2;257;-148,87;8,43;0,23
7/5/2026 15:04;22,9;48,6;20,8;52,4;257;-148,87;8,43;0,23
7/5/2026 15:04;22,8;48,7;20,9;52,2;256;-148,87;8,43;0,23
7/5/2026 15:04;22,7;48,7;20,9;52,2;255;-148,87;8,44;0,23
7/5/2026 15:05;22,7;48,9;20,9;52,2;254;-148,87;8,45;0,23
7/5/2026 15:06;22,6;48,9;20,8;52,0;253;-148,87;8,43;0,23
7/5/2026 15:06;22,6;49,0;20,7;51,9;253;-148,87;8,42;0,23
7/5/2026 15:06;22,7;49,0;20,7;52,0;252;-148,87;8,43;0,23
7/5/2026 15:09;22,8;49,0;20,7;51,7;250;-148,87;8,42;0,23
7/5/2026 15:09;22,8;49,1;20,8;51,8;250;-148,87;8,41;0,23
7/5/2026 15:09;22,8;49,1;20,8;51,8;252;-148,87;8,39;0,23
7/5/2026 15:09;22,8;49,1;20,7;52,0;251;-148,87;8,40;0,23
7/5/2026 15:11;22,8;49,2;20,7;51,8;251;-148,87;8,38;0,23
7/5/2026 15:11;22,8;49,2;20,6;52,0;253;-148,87;8,38;0,23
7/5/2026 15:11;22,7;49,3;20,7;52,0;253;-148,87;8,39;0,23
7/5/2026 15:11;22,7;49,2;20,8;51,9;254;-148,87;8,37;0,23
7/5/2026 15:11;22,7;49,1;20,7;51,8;255;-148,87;8,38;0,23
7/5/2026 15:11;22,7;49,2;20,8;51,9;255;-148,87;8,37;0,23
7/5/2026 15:14;22,7;49,4;20,8;52,1;257;-148,87;8,36;0,23
7/5/2026 15:17;22,7;49,2;20,8;51,8;258;-148,87;8,38;0,23
7/5/2026 15:20;22,7;49,3;20,7;51,7;257;-148,87;8,38;0,23
7/5/2026 15:20;22,7;49,2;20,7;51,7;256;-148,87;8,37;0,23
7/5/2026 15:20;22,7;49,4;20,6;51,5;255;-148,87;8,38;0,23
7/5/2026 15:20;22,7;49,4;20,7;51,2;255;-148,87;8,38;0,23
7/5/2026 15:22;22,8;49,6;20,8;51,1;256;-148,87;8,37;0,23
7/5/2026 15:22;22,9;49,6;20,7;51,3;257;-148,87;8,38;0,23
7/5/2026 15:22;23,0;49,6;20,8;51,5;257;-148,87;8,38;0,23
7/5/2026 15:22;22,9;49,6;20,9;51,6;258;-148,87;8,40;0,23
7/5/2026 15:23;23,0;49,7;20,9;51,6;258;-148,87;8,39;0,23
7/5/2026 15:23;22,9;49,8;20,8;51,6;256;-148,87;8,37;0,23
7/5/2026 15:23;22,9;49,9;20,8;51,6;257;-148,87;8,36;0,23
7/5/2026 15:23;22,9;49,7;20,8;51,7;255;-148,87;8,36;0,23
7/5/2026 15:23;23,0;49,9;20,8;52,0;254;-148,87;8,38;0,23
7/5/2026 15:24;23,1;49,7;20,7;52,0;252;-148,87;8,38;0,23
7/5/2026 15:24;23,0;49,7;20,8;52,0;252;-148,87;8,40;0,23
7/5/2026 15:24;23,1;49,5;20,7;51,9;251;-148,87;8,40;0,23
7/5/2026 15:24;23,1;49,6;20,8;52,0;250;-148,87;8,41;0,23
7/5/2026 15:24;23,0;49,5;20,8;51,7;250;-148,87;8,43;0,23
7/5/2026 15:24;23,0;49,6;20,8;52,0;250;-148,87;8,43;0,23
7/5/2026 15:26;23,0;49,7;20,7;52,3;251;-148,87;8,45;0,23
7/5/2026 15:26;23,0;49,8;20,7;52,1;252;-148,87;8,44;0,23
7/5/2026 15:27;22,9;49,7;20,7;52,2;251;-148,87;8,46;0,23
7/5/2026 15:29;23,0;49,7;20,6;52,0;250;-148,87;8,44;0,23
7/5/2026 15:29;23,0;49,5;20,7;52,1;250;-148,87;8,43;0,23
7/5/2026 15:29;23,1;49,5;20,7;52,1;252;-148,87;8,43;0,23
7/5/2026 15:29;23,2;49,5;20,8;52,1;251;-148,87;8,42;0,23
7/5/2026 15:29;23,3;49,6;20,8;52,2;250;-148,87;8,41;0,23
7/5/2026 15:29;23,2;49,4;20,9;52,2;250;-148,87;8,39;0,23
7/5/2026 15:29;23,2;48,1;22,1
7/5/2026 15:29;23,3;49,4;20,8;52,2;251;-148,87;8,39;0,23
7/5/2026 15:30;23,2;49,5;20,8;52,2;252;-148,87;8,41;0,23
7/5/2026 15:30;23,3;49,4;20,8;52,4;252;-148,87;8,41;0,23
7/5/2026 15:30;23,2;49,5;20,7;52,7;253;-148,87;8,41;0,23
7/5/2026 15:32;ERROR;N/A;22,1;54,5;274;-148,87;8,59;0,23
7/5/2026 15:33;23,3;49,4;20,7;52,4;251;-148,87;8,40;0,23
7/5/2026 15:34;23,4;49,4;20,8;52,4;252;-148,87;8,39;0,23
7/5/2026 15:34;23,4;49,5;20,8;52,2;252;-148,87;8,37;0,23
7/5/2026 15:34;23,4;49,3;20,9;52,4;251;-148,87;8,39;0,23
7/5/2026 15:34;23,3;49,2;21,0;52,2;250;-148,87;8,41;0,23
7/5/2026 15:35;23,4;49,1;21,0;52,4;250;-148,87;8,41;0,23
7/5/2026 15:37;23,5;49,0;21,0;52,2;250;-148,87;8,43;0,23
7/5/2026 15:37;23,4;49,2;20,9;52,1;250;-148,87;8,44;0,23
7/5/2026 15:39;;;;;274;-148,87;;0,23
7/5/2026 15:39;23,5;49,1;21,0;52,0;252;-148,87;8,46;0,23
7/5/2026 15:39;23,6;49,1;20,9;51,7;250;-148,87;8,45;0,23
7/5/2026 15:40;23,6;49,3;20,9;51,5;250;-148,87;8,46;0,23
7/5/2026 15:40;23,7;49,4;20,8;51,7;250;-148,87;8,46;0,23
7/5/2026 15:40;23,6;49,3;20,8;51,8;250;-148,87;8,46;0,23
7/5/2026 15:43;23,5;49,5;20,9;51,7;250;-148,87;8,45;0,23
7/5/2026 15:43;23,6;49,7;20,9;51,6;250;-148,87;8,45;0,23
7/5/2026 15:43;23,5;49,6;21,0;51,8;250;-148,87;8,47;0,23
7/5/2026 15:46;23,6;49,5;20,9;51,8;251;-148,87;8,49;0,23
7/5/2026 15:46;23,6;49,6;21,0;52,1;253;-148,87;8,48;0,23
7/5/2026 15:46;23,7;49,6;21,0;52,2;252;-148,87;8,49;0,23
7/5/2026 15:46;23,8;49,7;20,9;52,0;251;-148,87;8,48;0,23
7/5/2026 15:46;23,7;49,7;21,0;52,1;253;-148,87;8,46;0,23
7/5/2026 15:46;23,8;49,8;20,9;51,9;253;-148,87;8,47;0,23
7/5/2026 15:46;23,9;49,7;20,9;51,6;251;-148,87;8,49;0,23
7/5/2026 15:47;23,9;49,9;21,0;51,5;251;-148,87;8,50;0,23
7/5/2026 15:47;23,9;50,0;20,9;51,8;251;-148,87;8,49;0,23
7/5/2026 15:47;24,0;49,9;21,0;51,5;251;-148,87;8,49;0,23
7/5/2026 15:49;23,9;49,8;21,0;51,3;250;-148,87;8,49;0,23
7/5/2026 15:50;23,9;49,7;21,0;51,5;251;-148,87;8,51;0,23
7/5/2026 15:50;23,9;49,5;20,9;51,4;251;-148,87;8,53;0,23
7/5/2026 15:53;24,0;49,5;21,0;51,5;250;-148,87;8,52;0,23
7/5/2026 15:53;24,0;49,5;21,1;51,8;250;-148,87;8,51;0,23
7/5/2026 15:53;24,0;49,7;21,1;51,9;251;-148,87;8,51;0,23
7/5/2026 15:55;24,0;49,6;21,0;51,8;250;-148,87;8,53;0,23
7/5/2026 15:57;24,0;49,6;21,0;51,5;250;-148,87;8,51;0,23
7/5/2026 15:57;24,0;49,7;21,0;51,5;250;-148,87;8,52;0,23
7/5/2026 15:57;24,1;49,6;21,0;51,7;250;-148,87;8,51;0,23
7/5/2026 15:57;24,1;49,6;21,1;51,9;250;-148,87;8,51;0,23
7/5/2026 15:57;24,0;49,4;21,0;51,8;250;-148,87;8,52;0,23
7/5/2026 15:57;24,0;49,2;21,0;51,8;251;-148,87;8,51;0,23
7/5/2026 15:57;23,9;49,4;20,9;51,7;252;-148,87;8,50;0,23
7/5/2026 15:57;23,2;48,1;22,1
7/5/2026 15:57;24,0;49,3;20,9;51,7;253;-148,87;8,49;0,23
7/5/2026 15:57;24,0;49,4;20,9;51,9;255;-148,87;8,47;0,23
7/5/2026 15:57;24,1;49,6;20,9;51,7;256;-148,87;8,46;0,23
7/5/2026 16:00;24,0;49,6;20,9;51,9;258;-148,87;8,45;0,23
7/5/2026 16:00;23,9;49,4;20,9;51,9;256;-148,87;8,45;0,23
7/5/2026 16:03;23,9;49,4;20,8;52,2;255;-148,87;8,47;0,23
7/5/2026 16:03;23,8;49,3;20,9;52,1;254;-148,87;8,47;0,23
7/5/2026 16:06;23,7;49,4;21,0;51,9;252;-148,87;8,49;0,23
7/5/2026 16:06;23,8;49,5;20,9;52,1;251;-148,87;8,50;0,23
7/5/2026 16:06;23,8;49,3;20,9;52,0;253;-148,87;8,48;0,23
7/5/2026 16:06;23,8;49,4;20,9;51,8;253;-148,87;8,47;0,23
7/5/2026 16:06;23,8;49,5;20,8;51,9;253;-148,87;8,45;0,23
7/5/2026 16:06;23,7;49,3;20,9;51,7;253;-148,87;8,47;0,23
7/5/2026 16:06;23,7;49,3;20,9;51,9;254;-148,87;8,45;0,23
7/5/2026 16:06;23,7;49,4;20,9;52,1;252;-148,87;8,44;0,23
7/5/2026 16:08;23,8;49,6;20,9;52,3;251;-148,87;8,44;0,23
7/5/2026 16:10;23,8;49,4;21,0;52,1;252;-148,87;8,44;0,23
7/5/2026 16:11;23,7;49,3;21,0;51,9;251;-148,87;8,43;0,23
7/5/2026 16:11;23,8;49,5;21,0;51,7;251;-148,87;8,42;0,23
7/5/2026 16:11;23,8;49,5;21,1;51,6;250;-148,87;8,42;0,23
7/5/2026 16:11;23,7;49,3;21,1;51,5;251;-148,87;8,42;0,23
7/5/2026 16:11;23,8;49,4;21,1;51,7;251;-148,87;8,44;0,23
7/5/2026 16:11;23,7;49,4;21,1;51,6;250;-148,87;8,44;0,23
7/5/2026 16:11;23,6;49,6;21,0;51,5;250;-148,87;8,44;0,23
7/5/2026 16:11;23,6;49,7;21,1;51,3;250;-148,87;8,44;0,23
7/5/2026 16:11;23,5;49,7;21,1;51,0;250;-148,87;8,44;0,23
7/5/2026 16:11;23,5;49,6;21,1;51,2;250;-148,87;8,45;0,23
7/5/2026 16:11;23,5;49,4;21,0;50,9;252;-148,87;8,43;0,23
7/5/2026 16:11;23,4;49,4;21,0;51,2;253;-148,87;8,43;0,23
7/5/2026 16:11;23,4;49,5;21,1;50,9;253;-148,87;8,42;0,23
7/5/2026 16:11;23,5;49,5;21,1;50,8;252;-148,87;8,42;0,23
7/5/2026 16:11;23,4;49,6;21,1;51,0;250;-148,87;8,43;0,23
7/5/2026 16:12;23,4;49,6;21,1;51,2;250;-148,87;8,43;0,23
7/5/2026 16:14;23,4;49,8;21,2;51,0;250;-148,87;8,44;0,23
